permeability               : -0.00623625 -0.0233955 0.999707
storativity                : 0.0458963 0.998666 0.0236574
thickness                  : -0.998927 0.0460304 -0.00515417
Eigenvalues                : 5.35797e-06 0.705126 31452
