Parameters                 : "permeability" "storativity" "thickness"
o1                         : 0 0 0
o2                         : -92.5423 -3.05072 0.439238
o3                         : -112.013 -3.1429 0.554264
o4                         : -123.463 -3.19664 0.623063
o5                         : -131.603 -3.23821 0.671822
o6                         : -137.924 -3.26724 0.707911
o7                         : -143.093 -3.28889 0.743088
o8                         : -147.465 -3.30948 0.77162
o9                         : -151.253 -3.32993 0.78907
o10                        : -154.596 -3.34371 0.813149
o11                        : -157.587 -3.35681 0.830003
