permeability               : 1.22358 -9.01868 195.931
storativity                : -9.01868 66.9558 -1441.95
thickness                  : 195.931 -1441.95 31384.5
