o1                  :                   0 -                    0 = 0 (0) success 1 range            0 -         0.05
o2                  :                5.98 -              6.70719 = -0.727189999999999 (-0.727189999999999) success 0 range         5.93 -         6.03
o3                  :                8.02 -              7.64711 = 0.37289 (0.37289) success 0 range         7.97 -         8.07
o4                  :                8.67 -              8.19762 = 0.472379999999999 (0.472379999999999) success 0 range         8.62 -         8.72
o5                  :                8.97 -              8.58841 = 0.381590000000001 (0.381590000000001) success 0 range         8.92 -         9.02
o6                  :                9.14 -              8.89161 = 0.248390000000001 (0.248390000000001) success 0 range         9.09 -         9.19
o7                  :                9.25 -              9.13938 = 0.110620000000001 (0.110620000000001) success 0 range          9.2 -          9.3
o8                  :                9.31 -              9.34889 = -0.0388900000000003 (-0.0388900000000003) success 1 range         9.26 -         9.36
o9                  :                9.38 -               9.5304 = -0.150399999999999 (-0.150399999999999) success 0 range         9.33 -         9.43
o10                 :                9.41 -               9.6905 = -0.2805 (-0.2805) success 0 range         9.36 -         9.46
o11                 :                9.45 -              9.83373 = -0.38373 (-0.38373) success 0 range          9.4 -          9.5
